0	2.606931447982788	201.28137946128845	48.586979660806776	98.57861183263078
1	2.5825088024139404	170.21378391981125	58.513114639475376	98.98292961603478
2	2.634512424468994	147.56290346384048	64.68514179278024	99.10996835443038
3	2.68684458732605	128.90601009130478	69.91160540037518	99.19783044163185
4	2.6712467670440674	113.67778840661049	74.09817731833157	99.29291930379746
5	2.629363536834717	102.31189113855362	77.09880109376545	99.4142526554156
6	2.633347988128662	94.46490734815598	79.05649035490012	99.48081487341773
7	2.6895194053649902	89.42223283648491	80.3135649765594	99.52037183544304
8	2.588489055633545	82.92829841375351	82.26973280122009	99.5253164556962
9	2.5638163089752197	78.56683826446533	83.01484907126125	99.61431962025317
10	2.664964437484741	74.6979828029871	84.00719630567333	99.61431962025317
11	2.6514334678649902	71.12858659029007	84.71465736099437	99.609375
12	2.621563673019409	69.56314554810524	84.88733871073663	99.6785996835443
13	2.5629048347473145	67.73619055747986	85.52519472339485	99.65387658227849
14	2.6238796710968018	63.99989028275013	86.34333921987799	99.66262474542931
15	2.6372387409210205	63.79071296751499	86.45820651476896	99.66376582278481
16	2.649719715118408	63.04736615717411	86.52096518987342	99.74287974683544
17	2.624361515045166	62.00436523556709	86.67196626301053	99.70104063009914
18	2.5506322383880615	58.14794899523258	87.69017767604393	99.6934335443038
19	2.620526075363159	59.48279617726803	87.49505537974683	99.6785996835443
20	2.6087498664855957	57.53143160045147	87.81531461884704	99.72196018846729
21	2.6696672439575195	56.08239836990833	88.1412791964374	99.75543145288395
22	2.6941323280334473	55.024650514125824	88.36606926254079	99.75771360759494
23	2.673264503479004	54.474142134189606	88.50033467932593	99.68354430379746
24	2.701542615890503	55.309336349368095	88.37405670745463	99.7071263277078
25	2.608724594116211	52.581952944397926	88.84683845616594	99.7774920886076
26	2.578864574432373	53.05001938343048	88.66350714768035	99.7626582278481
27	2.6018176078796387	53.37686090171337	88.59047892123839	99.7763510112521
28	2.6399781703948975	51.67337964475155	89.07847488982767	99.76151715049261
29	2.608748435974121	51.08472812175751	89.06858564932135	99.74782436708861
30	2.649984121322632	51.35853227972984	89.05717502062834	99.74782436708861
31	2.58837890625	50.43676386773586	89.24887413314626	99.76760284810126
32	2.6747939586639404	49.848097041249275	89.54098708720147	99.81096335302425
33	2.600207567214966	49.83258230984211	89.34776653820956	99.81704905063292
34	2.6616225242614746	49.940404787659645	89.27359723441208	99.80221518987342
35	2.610445737838745	48.94596506655216	89.5520174050633	99.78243670886076
36	2.593254327774048	49.36550398170948	89.47632666479183	99.74782436708861
37	2.618835926055908	48.9543264657259	89.72241660009456	99.83682753164557
38	2.6087357997894287	47.585084065794945	89.60869033427178	99.81704905063292
39	2.6160619258880615	47.20237071812153	89.871896285045	99.7774920886076
40	2.6399588584899902	46.442292630672455	90.10657559165472	99.82579721378374
41	2.608741044998169	46.9423890709877	89.83081788654569	99.82199367088607
42	2.5825302600860596	45.78532541543245	90.11532375480556	99.8467167721519
43	2.683257579803467	46.22450469434261	90.0403937327711	99.85166139240506
44	2.573869228363037	45.88439668715	90.09820773933507	99.83682753164557
45	2.637704372406006	46.834147192537785	90.06473647491842	99.80715981012658
46	2.686349630355835	46.59596391022205	90.13624331317371	99.81704905063292
47	2.592466354370117	44.71197818219662	90.30664250820497	99.84177215189874
48	2.590947389602661	45.20026560127735	90.31919426254079	99.87638449367088
49	2.6594841480255127	44.35777999460697	90.44661331176758	99.81210443037975
50	2.686846971511841	45.518523305654526	90.31957457337198	99.84177215189874
51	2.6261789798736572	43.624618873000145	90.60788398452952	99.85660601265823
52	2.639352321624756	44.32043680548668	90.50176485278938	99.85660601265823
53	2.632578134536743	44.50724932551384	90.38005109376545	99.86649525316456
54	2.56320858001709	43.32696311175823	90.62956426113466	99.85660601265823
55	2.5446219444274902	42.74300520122051	90.86082033567791	99.86155063291139
56	2.6223974227905273	44.047231554985046	90.39222248898277	99.86155063291139
57	2.6413187980651855	45.07806697487831	90.31577103047431	99.80221518987342
58	2.6127254962921143	42.81171450763941	90.7238924050633	99.86649525316456
59	2.6168057918548584	42.10858279466629	91.0019321683087	99.85660601265823
60	2.641070604324341	42.56205549836159	90.78208677074578	99.87638449367088
61	2.6019561290740967	42.564092218875885	90.74214944960195	99.9011075949367
62	2.7029526233673096	42.84800365567207	90.70639603047431	99.85660601265823
63	2.651970863342285	41.805870704352856	91.13353516783896	99.8467167721519
64	2.5791831016540527	41.81771517544985	90.8619614130334	99.85166139240506
65	2.6720879077911377	42.471956484019756	90.79996345616594	99.89121835443038
66	2.6069891452789307	41.78532749414444	91.01030002062834	99.89616297468355
67	2.619101047515869	41.45533415675163	91.01942854289767	99.91099683544304
68	2.624678373336792	41.01391640305519	91.01904818377918	99.89616297468355
69	2.6041715145111084	40.73202957212925	91.28453624097607	99.88132911392405
70	2.5502872467041016	41.170615650713444	91.02665526957452	99.89996651758122
71	2.5774991512298584	41.60292053222656	91.03502312189416	99.88132911392405
72	2.593468427658081	40.0661573857069	91.3377860346927	99.85660601265823
73	2.6353871822357178	39.878461457788944	91.33055925972855	99.82199367088607
74	2.648977041244507	41.555448323488235	91.11641915236848	99.88132911392405
75	2.625195026397705	41.2238702327013	90.92548075808755	99.87143987341773
76	2.6824910640716553	41.388901457190514	90.94335744350771	99.8467167721519
77	2.67012619972229	39.733714029192924	91.42564812189416	99.93571993670886
78	2.639982223510742	39.75897282361984	91.43705875058717	99.9011075949367
79	2.6293673515319824	39.35889906436205	91.48574428316913	99.89121835443038
80	2.577497720718384	40.55906814336777	91.18488311767578	99.85660601265823
81	2.6243579387664795	40.27078115940094	91.17955818659142	99.9159414556962
82	2.5805227756500244	39.66552896052599	91.24117573605308	99.88132911392405
83	2.573793411254883	39.57777724415064	91.2537274903889	99.9159414556962
84	2.6047394275665283	39.62344843149185	91.434396285045	99.8467167721519
85	2.6031241416931152	39.8961166292429	91.41728026957452	99.88627373417721
86	2.6347007751464844	38.502267099916935	91.56067425691629	99.89121835443038
87	2.5875048637390137	38.35324411094189	91.6146847688699	99.9159414556962
88	2.6507232189178467	40.534240543842316	91.10348708720147	99.88627373417721
89	2.5775022506713867	40.06033779680729	91.39750178856185	99.88018803656855
90	2.605109453201294	37.64393398165703	91.9239136901083	99.90605221518987
91	2.572237253189087	37.46829545497894	91.79078930239135	99.9307753164557
92	2.710425615310669	37.016294322907925	92.17494824566418	99.92088607594937
93	2.5775043964385986	40.06804044544697	91.24345789076406	99.89616297468355
94	2.5306429862976074	39.96613444387913	91.25753103328657	99.90605221518987
95	2.577491044998169	37.90876464545727	91.88930134833613	99.87143987341773
96	2.6606605052948	38.33358432352543	91.58273489263993	99.91099683544304
97	2.56325626373291	40.962578408420086	91.21949545944793	99.87638449367088
98	2.601146936416626	39.239635303616524	91.32941818237305	99.91099683544304
99	2.622844696044922	37.84529197216034	91.71890210501755	99.92088607594937
100	2.6041176319122314	38.399431362748146	91.65424173089522	99.90605221518987
101	2.631565809249878	38.707889914512634	91.52568160431295	99.89121835443038
102	2.578914165496826	38.056139558553696	91.71395748476439	99.90605221518987
103	2.7024738788604736	38.80681595206261	91.60213301453409	99.91099683544304
104	2.6357510089874268	38.514227747917175	91.43819982794267	99.92088607594937
105	2.6101136207580566	36.79021053016186	92.14223769948453	99.88132911392405
106	2.5805487632751465	38.94706028699875	91.52682263338113	99.84063107454324
107	2.6555943489074707	39.136774726212025	91.45227297046516	99.91099683544304
108	2.6293821334838867	39.2616478279233	91.38951434364802	99.91099683544304
109	2.713367223739624	37.89263046532869	91.6580452737929	99.91099683544304
110	2.6487674713134766	37.252201713621616	92.14223769948453	99.92583069620254
111	2.624363660812378	37.74513392150402	91.57550811767578	99.9307753164557
112	2.6716175079345703	38.6495401635766	91.53975474683544	99.90605221518987
113	2.619074821472168	37.843185640871525	91.66298989404606	99.9011075949367
114	2.6197304725646973	37.90477664768696	91.84365868870216	99.92468961884704
115	2.6366794109344482	36.73074099421501	91.93228149414062	99.88132911392405
116	2.606349229812622	37.007068395614624	92.06844875480556	99.91099683544304
117	2.5669896602630615	38.43217555433512	91.57284565213361	99.89121835443038
118	2.6556084156036377	37.15998803824186	91.9075583928748	99.88513265682172
119	2.6556103229522705	37.54103324562311	91.91782799249962	99.91099683544304
120	2.6496481895446777	36.40982633084059	92.23276230051547	99.9011075949367
121	2.5904924869537354	37.924219988286495	91.75807875621167	99.88627373417721
122	2.624356508255005	37.72604141384363	91.68162729770323	99.92088607594937
123	2.5806615352630615	37.792918138206005	91.76796799671801	99.92088607594937
124	2.6523172855377197	37.07560911774635	91.97221881528444	99.92583069620254
125	2.624955177307129	38.6976937353611	91.6858111997194	99.9011075949367
126	2.610618829727173	38.20316368341446	91.60365445100808	99.87638449367088
127	2.7024707794189453	36.07653843611479	92.06806839568705	99.94066455696202
128	2.7068796157836914	38.25331202894449	91.73868058603021	99.89616297468355
129	2.677605628967285	35.88789210468531	92.31415833098978	99.9159414556962
130	2.6085784435272217	35.67178759723902	92.201953501641	99.92088607594937
131	2.5273778438568115	36.74822386354208	91.86457824707031	99.92583069620254
132	2.5562264919281006	38.629795372486115	91.50095850304712	99.85660601265823
133	2.5931098461151123	36.844470009207726	91.97335989263993	99.89616297468355
134	2.5961391925811768	36.42719655483961	92.201953501641	99.88627373417721
135	2.5658888816833496	35.5170613899827	92.28677276418179	99.9159414556962
136	2.6400012969970703	37.54968736320734	91.67287913455239	99.90985575808755
137	2.610121726989746	36.57984750717878	92.1300663042672	99.9307753164557
138	2.665618419647217	37.37597010284662	91.77443400515786	99.9011075949367
139	2.6673166751861572	36.191894985735416	92.185978563526	99.90605221518987
140	2.6146841049194336	35.42441763728857	92.32404757149612	99.89616297468355
141	2.6243646144866943	36.66784582287073	91.96194921565962	99.9307753164557
142	2.6463499069213867	36.06053822487593	92.35295457477811	99.90605221518987
143	2.601123094558716	36.44461625814438	91.9220118945158	99.92088607594937
144	2.6559741497039795	36.28107934445143	92.18065358415434	99.92088607594937
145	2.6415493488311768	35.75685457885265	92.43663275996342	99.92088607594937
146	2.5774741172790527	35.97779096662998	92.14109662212903	99.9307753164557
147	2.6148746013641357	37.07133286446333	91.84822294983682	99.9011075949367
148	2.6014912128448486	36.00720012933016	92.02242573605308	99.94560917721519
149	2.6051299571990967	36.0217025950551	92.18940174730518	99.92583069620254
150	2.5964701175689697	37.19593211263418	92.10077894186672	99.89121835443038
151	2.649986743927002	35.670515447854996	92.1460412423822	99.89121835443038
152	2.6137757301330566	35.82771825790405	92.37463485138326	99.91099683544304
153	2.579200029373169	36.18951065093279	92.09317185607138	99.9159414556962
154	2.6037204265594482	36.52325849980116	92.1178949573372	99.9159414556962
155	2.6017117500305176	38.057977966964245	91.7542751650267	99.92583069620254
156	2.5775182247161865	36.10347503423691	92.13843415658685	99.90605221518987
157	2.6243700981140137	35.761768206954	92.09925755368003	99.9159414556962
158	2.6087615489959717	35.993235394358635	92.09050934224189	99.90605221518987
159	2.6399946212768555	36.70175841450691	91.97564204735092	99.91099683544304
160	2.60874605178833	28.27416044101119	94.0162487754339	99.9307753164557
161	2.64635968208313	24.18868539109826	95.04092624519444	99.96044303797468
162	2.610079288482666	22.46501301229	95.32505170604851	99.94066455696202
163	2.5462677478790283	20.885435707867146	95.79517098921764	99.96044303797468
164	2.5994648933410645	20.065679237246513	95.86211356633827	99.97033227848101
165	2.5376365184783936	18.92147245630622	96.16487643084949	99.96538765822785
166	2.6970951557159424	17.68693671375513	96.29191516924509	99.97033227848101
167	2.6932458877563477	17.664952006191015	96.53762474542931	99.97527689873418
168	2.6275827884674072	16.601596508175135	96.71487035630625	99.99011075949367
169	2.578185796737671	16.51698997989297	96.68482227566876	99.98022151898734
170	2.6556007862091064	15.77470413967967	96.76659871354887	99.98022151898734
171	2.6101038455963135	15.32980578392744	96.91113372995883	99.97033227848101
172	2.605952739715576	15.01548583433032	97.07430619831327	99.97527689873418
173	2.665501832962036	14.595705837011337	97.1104399765594	99.99011075949367
174	2.6173348426818848	14.726780995726585	97.06213485138326	99.97527689873418
175	2.6635258197784424	14.118592308834195	97.09408467932593	99.99505537974683
176	2.589259624481201	13.880898248404264	97.28083921987799	99.99011075949367
177	2.6961655616760254	13.274393709376454	97.34245676933965	99.99011075949367
178	2.6373581886291504	12.954201091080904	97.36489776418179	99.9851661392405
179	2.550598621368408	12.531803254038095	97.5862645982187	100.0
180	2.613748073577881	12.861439226195216	97.46873478949824	99.99011075949367
181	2.574713945388794	12.468590371310711	97.61555196061919	99.99505537974683
182	2.6633975505828857	12.791578780859709	97.26220176793352	99.9851661392405
183	2.586090564727783	13.127550322562456	97.33751214908648	99.9851661392405
184	2.6097395420074463	12.672996085137129	97.50448816033858	99.96538765822785
185	2.6825554370880127	12.624349109828472	97.56610575808755	99.99011075949367
186	2.648345470428467	13.01903298124671	97.37821018846729	100.0
187	2.6031248569488525	12.535814544185996	97.56496468073205	99.9851661392405
188	2.7427003383636475	12.442466653883457	97.58474316174471	99.98022151898734
189	2.6555285453796387	13.237344639375806	97.38201373136496	99.99011075949367
190	2.6712229251861572	13.119243435561657	97.39304404922679	99.97033227848101
191	2.568452835083008	12.717153714969754	97.4474348720116	99.98022151898734
192	2.749314785003662	12.77994010783732	97.40673683263078	99.9851661392405
193	2.721085548400879	12.630223795771599	97.49307753164557	99.99011075949367
194	2.6763174533843994	13.245163340121508	97.43031885654112	99.97527689873418
195	2.709468364715576	13.01451556570828	97.43754563150527	99.99011075949367
196	2.657984972000122	12.860202888026834	97.41662607313711	99.97527689873418
197	2.605583429336548	12.38141474686563	97.65130537974683	99.9851661392405
198	2.622206449508667	12.32686579413712	97.55127189732805	99.99011075949367
199	2.570896863937378	13.043545862659812	97.40559575527529	99.99011075949367
0	0.09375953674316406	158.49723148345947	84.17362613677979	99.5497709274292
1	0.12497711181640625	137.81046891212463	88.32233295440673	99.6669584274292
2	0.09373116493225098	121.81210374832153	89.87607746124267	99.697265625
3	0.10934829711914062	112.19569563865662	90.63510227203369	99.765625
4	0.07811450958251953	105.98986029624939	91.40355606079102	99.7900390625
5	0.14059209823608398	100.71132302284241	91.4271282196045	99.9560546875
6	0.05177950859069824	97.9417769908905	91.06478977203369	99.9267578125
7	0.10940003395080566	96.46526718139648	90.39281387329102	99.9267578125
8	0.10935449600219727	94.25082921981812	90.52481803894042	99.9169921875
9	0.12493491172790527	93.18233489990234	89.99545383453369	99.8876953125
10	0.09369540214538574	91.99057459831238	90.73174839019775	99.8828125
11	0.062484025955200195	90.74564552307129	90.73747310638427	99.8779296875
12	0.10932707786560059	90.74166822433472	90.36823139190673	99.8388671875
13	0.124908447265625	89.46084952354431	90.57953929901123	99.8388671875
14	0.051792144775390625	88.50624251365662	90.7630657196045	99.8525053024292
15	0.09372830390930176	87.98795056343079	90.64554138183594	99.84375
16	0.10932469367980957	86.84787678718567	90.73174839019775	99.8974609375
17	0.14055657386779785	87.8979902267456	90.54401264190673	99.8583984375
18	0.07807350158691406	86.67391276359558	90.23959445953369	99.8486328125
19	0.10930180549621582	86.31506156921387	91.23450965881348	99.873046875
20	0.07807397842407227	85.27859854698181	90.88311557769775	99.8280912399292
21	0.09372663497924805	84.97528433799744	91.25993404388427	99.8291015625
22	0.07812094688415527	85.26690888404846	91.02269668579102	99.833984375
23	0.1435234546661377	84.22214591503143	91.14577713012696	99.8291015625
24	0.06242060661315918	83.35660517215729	91.34597244262696	99.8583984375
25	0.07810640335083008	83.185591340065	91.11732215881348	99.8720365524292
26	0.14059162139892578	83.61203098297119	91.38520336151123	99.853515625
27	0.10937905311584473	83.34777545928955	91.2095905303955	99.8622709274292
28	0.10937261581420898	82.56900799274445	91.23568820953369	99.8046875
29	0.09373974800109863	82.59423744678497	91.71336212158204	99.87102642059327
30	0.0936899185180664	82.18035328388214	91.37510089874267	99.8486328125
31	0.08176875114440918	81.71968340873718	91.89975070953369	99.873046875
32	0.07808184623718262	81.9945855140686	92.02973461151123	99.8583984375
33	0.15620899200439453	81.5524491071701	91.74552116394042	99.833984375
34	0.1093595027923584	81.86187422275543	91.7200969696045	99.8779296875
35	0.10938215255737305	81.33001816272736	91.82566680908204	99.8681640625
36	0.1249697208404541	81.23215329647064	92.25821647644042	99.8964506149292
37	0.1093142032623291	81.4226485490799	92.09809398651123	99.873046875
38	0.10933494567871094	81.15649700164795	92.23666477203369	99.8681640625
39	0.0780794620513916	80.87249279022217	92.17436695098877	99.8876953125
40	0.08306121826171875	80.70739996433258	92.31866245269775	99.86328125
41	0.09370636940002441	80.67549622058868	92.26309928894042	99.873046875
42	0.09371137619018555	80.58680880069733	92.38921070098877	99.8818021774292
43	0.14056897163391113	80.46658098697662	92.2034954071045	99.86328125
44	0.10936188697814941	80.41621732711792	92.55219554901123	99.9013334274292
45	0.09374880790710449	80.50447976589203	92.77781524658204	99.8974609375
46	0.14056897163391113	80.34720814228058	92.83438835144042	99.8828125
47	0.07813668251037598	80.02923965454102	92.67039337158204	99.8779296875
48	0.09631490707397461	80.2788314819336	92.26798210144042	99.90234375
49	0.09369850158691406	80.30161035060883	92.5111125946045	99.833984375
50	0.062468528747558594	79.98314154148102	92.78758087158204	99.8876953125
51	0.06250500679016113	79.95363461971283	92.28852367401123	99.8769193649292
52	0.10932421684265137	79.99463248252869	92.54226150512696	99.86328125
53	0.0625157356262207	79.66120636463165	92.79936695098877	99.892578125
54	0.09370017051696777	79.71503901481628	92.57761993408204	99.8974609375
55	0.1249394416809082	80.14034271240234	92.70356273651123	99.912109375
56	0.10936093330383301	79.82080340385437	92.70440464019775	99.873046875
57	0.08369088172912598	79.90865886211395	92.53182239532471	99.892578125
58	0.07813763618469238	79.7616149187088	92.67123508453369	99.8818021774292
59	0.10932111740112305	79.04151046276093	92.77764682769775	99.8974609375
60	0.1092982292175293	79.6074138879776	92.56953792572021	99.84375
61	0.15615344047546387	79.48522675037384	92.86469554901123	99.9110990524292
62	0.09370684623718262	79.55591249465942	92.6207233428955	99.873046875
63	0.10931944847106934	79.37854886054993	92.74161491394042	99.873046875
64	0.07807660102844238	79.4950704574585	92.4937702178955	99.86328125
65	0.09727668762207031	79.66299724578857	92.58334445953369	99.873046875
66	0.07810592651367188	80.04074716567993	92.51885776519775	99.9267578125
67	0.07810497283935547	79.23663187026978	92.85796070098877	99.873046875
68	0.09372687339782715	79.37755215167999	92.75222244262696	99.951171875
69	0.14059066772460938	79.45155489444733	92.60977897644042	99.8876953125
70	0.09374094009399414	79.17172372341156	92.54344024658204	99.912109375
71	0.07810473442077637	79.41256022453308	92.40065994262696	99.9072265625
72	0.09372663497924805	79.14353549480438	92.52879180908204	99.8876953125
73	0.12492561340332031	78.99405026435852	92.77865695953369	99.8769193649292
74	0.083587646484375	79.3657774925232	92.53653678894042	99.873046875
75	0.10928678512573242	79.0918515920639	92.62055492401123	99.8974609375
76	0.0781090259552002	79.26304769515991	92.27572727203369	99.8876953125
77	0.07808208465576172	79.2799323797226	92.65355606079102	99.9169921875
78	0.07806110382080078	79.20042741298676	92.58620681762696	99.88079204559327
79	0.10936808586120605	79.39240300655365	92.68015899658204	99.892578125
80	0.07813787460327148	79.03232979774475	92.61280975341796	99.9169921875
81	0.04686450958251953	78.70228028297424	92.87749195098877	99.912109375
82	0.09667253494262695	78.88563561439514	93.04620151519775	99.912109375
83	0.07807254791259766	79.0733050107956	92.60455951690673	99.94140625
84	0.0624547004699707	79.08027076721191	92.78976955413819	99.921875
85	0.07808041572570801	79.07958483695984	92.40183868408204	99.94140625
86	0.10932302474975586	78.93093192577362	92.6060749053955	99.8828125
87	0.07804512977600098	79.24834704399109	92.51498508453369	99.892578125
88	0.10931515693664551	79.54348433017731	92.6575969696045	99.931640625
89	0.10934948921203613	79.06948065757751	92.58822727203369	99.9169921875
90	0.10931921005249023	79.29617381095886	92.50420932769775	99.9257474899292
91	0.0651404857635498	79.54637718200684	92.40284881591796	99.8583984375
92	0.07811188697814941	79.62597739696503	92.25754299163819	99.9462890625
93	0.09369540214538574	79.45591628551483	92.31377964019775	99.931640625
94	0.0936746597290039	79.18981754779816	92.59024772644042	99.892578125
95	0.07807254791259766	79.35943150520325	92.67999057769775	99.9169921875
96	0.12496709823608398	79.1253023147583	92.7894329071045	99.9365234375
97	0.10938763618469238	78.79020977020264	92.63133087158204	99.9560546875
98	0.1093287467956543	79.16000580787659	92.51010227203369	99.9267578125
99	0.12492012977600098	79.11549198627472	92.64581089019775	99.9365234375
100	0.1435837745666504	79.0353856086731	92.80694370269775	99.90234375
101	0.10934877395629883	79.12062406539917	92.4818157196045	99.9267578125
102	0.06246066093444824	78.75227618217468	92.7210735321045	99.8974609375
103	0.09376239776611328	79.08584475517273	92.6575969696045	99.8769193649292
104	0.12503480911254883	79.35929536819458	92.48282585144042	99.912109375
105	0.10926342010498047	78.64652907848358	92.55707836151123	99.921875
106	0.0937950611114502	78.71044743061066	92.37961330413819	99.8779296875
107	0.06245303153991699	78.96094465255737	92.50538787841796	99.912109375
108	0.09834480285644531	78.88946115970612	92.49831619262696	99.9365234375
109	0.07810306549072266	78.97714257240295	92.58839569091796	99.912109375
110	0.0781102180480957	79.06161081790924	92.27151794433594	99.921875
111	0.14059138298034668	78.50348687171936	92.75239086151123	99.8876953125
112	0.1249394416809082	79.05629062652588	92.54546070098877	99.94140625
113	0.10928630828857422	79.22575163841248	92.43399772644042	99.9208646774292
114	0.09373784065246582	79.52745509147644	92.44544715881348	99.9267578125
115	0.10935807228088379	79.50615906715393	92.3109172821045	99.9208646774292
116	0.09380149841308594	78.80543386936188	92.66938304901123	99.94140625
117	0.11521625518798828	78.77629351615906	92.68992462158204	99.8876953125
118	0.07807564735412598	78.85279774665833	92.46329460144042	99.9208646774292
119	0.07811403274536133	78.70531642436981	92.28751335144042	99.931640625
120	0.07810568809509277	78.90424990653992	92.76097793579102	99.921875
121	0.1092836856842041	79.15078461170197	92.42305355072021	99.8622709274292
122	0.10934877395629883	78.9406681060791	92.45925369262696	99.94140625
123	0.07810854911804199	79.03240942955017	92.58031387329102	99.9110990524292
124	0.07810497283935547	78.7480103969574	92.63116245269775	99.9169921875
125	0.14347410202026367	79.24245631694794	92.64210662841796	99.873046875
126	0.09377050399780273	79.10656690597534	92.34711742401123	99.8974609375
127	0.12498021125793457	78.962193608284	92.43130378723144	99.9062162399292
128	0.10931754112243652	78.90242803096771	92.48754043579102	99.8915678024292
129	0.10934591293334961	78.95644974708557	92.51515350341796	99.9365234375
130	0.1093442440032959	78.6090761423111	92.62055492401123	99.9072265625
131	0.09372854232788086	78.83289802074432	92.50437774658204	99.9013334274292
132	0.10932588577270508	78.80702459812164	92.58368129730225	99.912109375
133	0.09739160537719727	79.02067458629608	92.46009559631348	99.9403959274292
134	0.1249852180480957	78.52240312099457	92.71804275512696	99.951171875
135	0.09373044967651367	78.6627025604248	92.79549427032471	99.9267578125
136	0.07811379432678223	78.74906587600708	92.85189914703369	99.9462890625
137	0.07810592651367188	78.59271347522736	92.66567878723144	99.9072265625
138	0.09372591972351074	78.99446451663971	92.53451633453369	99.912109375
139	0.1249697208404541	78.49103307723999	92.60270748138427	99.9355131149292
140	0.07811689376831055	78.69216907024384	92.61668243408204	99.9062162399292
141	0.14061403274536133	78.82141590118408	92.35789337158204	99.8876953125
142	0.097869873046875	79.16559290885925	92.59883480072021	99.9306303024292
143	0.06251811981201172	78.5959187746048	92.57357883453369	99.8974609375
144	0.09366846084594727	78.71892023086548	92.6429485321045	99.951171875
145	0.10930466651916504	78.83622431755066	92.47861652374267	99.9159818649292
146	0.09363245964050293	78.68013191223145	92.52374057769775	99.94140625
147	0.062453508377075195	78.88839793205261	92.88035430908204	99.9403959274292
148	0.09372615814208984	78.86711883544922	92.61651401519775	99.90234375
149	0.1249704360961914	78.91441464424133	92.6256061553955	99.931640625
150	0.11286163330078125	78.79996645450592	92.84432239532471	99.912109375
151	0.062462568283081055	78.69853401184082	92.38500137329102	99.9110990524292
152	0.1093299388885498	78.42548072338104	92.50909214019775	99.94140625
153	0.1249382495880127	78.36273670196533	92.58132400512696	99.90234375
154	0.09372138977050781	78.71587371826172	92.31293773651123	99.9169921875
155	0.15614628791809082	78.80614650249481	92.66567878723144	99.9365234375
156	0.09372091293334961	78.37208831310272	92.77579460144042	99.921875
157	0.1093895435333252	78.354536652565	92.52778148651123	99.931640625
158	0.10931110382080078	78.36555027961731	92.6820110321045	99.9452787399292
159	0.09951210021972656	78.37325608730316	92.58149242401123	99.9159818649292
160	0.09373736381530762	78.21774458885193	92.89887523651123	99.90032329559327
161	0.07811236381530762	78.88223135471344	92.75340118408204	99.94140625
162	0.06248331069946289	78.47493815422058	92.84415397644042	99.9306303024292
163	0.10939979553222656	78.44183361530304	92.60506458282471	99.8974609375
164	0.1249692440032959	78.74606347084045	92.66214294433594	99.8828125
165	0.12494015693664551	78.48614263534546	92.65288257598877	99.9501615524292
166	0.09372711181640625	78.06776535511017	92.84819507598877	99.9609375
167	0.12554931640625	78.32004165649414	92.73471164703369	99.912109375
168	0.09376001358032227	78.72891867160797	92.55118522644042	99.9267578125
169	0.09372687339782715	78.21783983707428	92.81670932769775	99.912109375
170	0.09369516372680664	78.41817581653595	92.86166477203369	99.9452787399292
171	0.09372591972351074	78.60232818126678	92.80222930908204	99.921875
172	0.09372663497924805	78.21919858455658	92.55876216888427	99.9365234375
173	0.09373903274536133	78.83622372150421	92.65860710144042	99.9169921875
174	0.09373044967651367	78.14865601062775	92.78269805908204	99.9365234375
175	0.09372711181640625	78.5039529800415	92.9993938446045	99.921875
176	0.11472868919372559	78.45922243595123	92.67325553894042	99.9062162399292
177	0.12487649917602539	78.72907292842865	92.72494602203369	99.9560546875
178	0.09373664855957031	78.84239959716797	92.80323944091796	99.912109375
179	0.09369516372680664	78.72782301902771	92.5404094696045	99.8828125
180	0.15617895126342773	78.04066812992096	92.49343338012696	99.9501615524292
181	0.10931897163391113	78.36260533332825	92.72797679901123	99.912109375
182	0.1093440055847168	78.26790773868561	92.85695037841796	99.921875
183	0.12493777275085449	78.28869891166687	93.02296600341796	99.931640625
184	0.17181015014648438	78.15657877922058	92.75323276519775	99.94140625
185	0.06552410125732422	78.8089998960495	92.60287570953369	99.9169921875
186	0.14062833786010742	78.2276200056076	92.92042694091796	99.931640625
187	0.10934853553771973	78.24832487106323	93.11085662841796	99.90234375
188	0.14059138298034668	78.8253378868103	92.74363555908204	99.9365234375
189	0.1405954360961914	78.66396021842957	92.9332233428955	99.9169921875
190	0.06249427795410156	78.50525343418121	93.02296600341796	99.921875
191	0.09372663497924805	78.68118703365326	92.82782192230225	99.90234375
192	0.07814359664916992	78.43749284744263	93.1578327178955	99.921875
193	0.11332893371582031	78.67755055427551	92.6966594696045	99.8974609375
194	0.062485694885253906	78.38942205905914	92.89466590881348	99.89544048309327
195	0.0937342643737793	78.26930510997772	92.67729663848877	99.8876953125
196	0.1093289852142334	78.38897800445557	92.93911628723144	99.9257474899292
197	0.07810759544372559	78.16234409809113	92.89786491394042	99.9169921875
198	0.07807397842407227	78.16579055786133	93.07297267913819	99.9169921875
199	0.07810854911804199	78.0656623840332	92.83725070953369	99.931640625
